ID;X;Y;Cost;Path_Order;Is_Selected;Min_Z
0;1355;1796;496;0;1;71488
1;2524;387;414;84;1;71488
2;2769;430;500;82;1;71488
3;3131;1199;1133;-1;0;71488
4;661;87;903;24;1;71488
5;628;974;1081;7;1;71488
6;1748;185;1859;-1;0;71488
7;3650;1882;945;-1;0;71488
8;3474;1230;1389;-1;0;71488
9;2662;1405;776;75;1;71488
10;249;47;774;22;1;71488
11;681;385;1727;-1;0;71488
12;2219;964;1370;-1;0;71488
13;3741;252;1839;-1;0;71488
14;3088;1482;267;72;1;71488
15;2428;1551;891;-1;0;71488
16;3562;3;82;51;1;71488
17;3734;657;1819;-1;0;71488
18;229;1847;182;13;1;71488
19;2346;573;1500;-1;0;71488
20;34;1705;1371;-1;0;71488
21;3365;1888;774;-1;0;71488
22;47;1340;88;14;1;71488
23;2005;1631;819;94;1;71488
24;1067;407;1481;-1;0;71488
25;3209;224;756;50;1;71488
26;2371;371;834;46;1;71488
27;3990;1450;974;-1;0;71488
28;594;563;1477;-1;0;71488
29;990;47;1499;-1;0;71488
30;97;409;1025;20;1;71488
31;3697;324;394;56;1;71488
32;3125;1312;1585;-1;0;71488
33;2578;1230;1855;-1;0;71488
34;43;770;191;16;1;71488
35;729;356;976;27;1;71488
36;771;1904;1497;-1;0;71488
37;2573;1231;1269;-1;0;71488
38;3660;427;1599;-1;0;71488
39;3637;1416;1066;-1;0;71488
40;3585;1109;277;65;1;71488
41;550;1241;379;5;1;71488
42;583;895;158;8;1;71488
43;724;765;581;29;1;71488
44;3134;177;311;49;1;71488
45;1450;602;1867;-1;0;71488
46;1065;1451;526;1;1;71488
47;901;745;1188;-1;0;71488
48;227;534;986;18;1;71488
49;2943;1341;104;78;1;71488
50;3846;256;1947;-1;0;71488
51;1479;1027;617;34;1;71488
52;3166;973;557;62;1;71488
53;2097;299;81;44;1;71488
54;165;413;557;19;1;71488
55;3144;924;585;79;1;71488
56;3796;244;1046;55;1;71488
57;3134;746;555;61;1;71488
58;3855;1808;1284;-1;0;71488
59;1172;933;125;32;1;71488
60;1285;1233;1686;-1;0;71488
61;2667;1503;1995;-1;0;71488
62;2678;1417;182;74;1;71488
63;1972;616;129;89;1;71488
64;2401;1778;1685;-1;0;71488
65;928;782;163;31;1;71488
66;1642;1125;1604;-1;0;71488
67;554;1946;1688;-1;0;71488
68;922;1647;785;2;1;71488
69;359;1840;1033;11;1;71488
70;1639;4;622;40;1;71488
71;3964;1678;1284;-1;0;71488
72;1341;844;1284;-1;0;71488
73;2791;1912;1390;-1;0;71488
74;2571;560;1669;-1;0;71488
75;2614;132;360;48;1;71488
76;1842;1709;1888;-1;0;71488
77;816;696;1351;-1;0;71488
78;3399;405;20;57;1;71488
79;1852;682;561;90;1;71488
80;1823;868;445;91;1;71488
81;3901;849;606;67;1;71488
82;3069;412;1133;-1;0;71488
83;2133;1803;1899;-1;0;71488
84;656;226;931;26;1;71488
85;3779;320;1618;-1;0;71488
86;2398;214;497;47;1;71488
87;2685;520;1842;-1;0;71488
88;3626;4;1866;-1;0;71488
89;1922;1845;754;96;1;71488
90;3991;1300;246;68;1;71488
91;3430;746;1510;-1;0;71488
92;3174;606;390;60;1;71488
93;939;1962;860;-1;0;71488
94;2237;764;323;88;1;71488
95;3691;1650;1075;-1;0;71488
96;664;1058;1278;-1;0;71488
97;2465;426;310;85;1;71488
98;3954;681;1727;-1;0;71488
99;2246;490;1895;-1;0;71488
100;2343;360;965;45;1;71488
101;2504;302;297;83;1;71488
102;2866;1409;939;77;1;71488
103;11;1064;1203;-1;0;71488
104;278;318;1655;-1;0;71488
105;849;777;1383;-1;0;71488
106;3171;1147;264;70;1;71488
107;3983;1428;1958;-1;0;71488
108;389;1979;686;12;1;71488
109;1410;1050;1326;-1;0;71488
110;707;1513;1508;-1;0;71488
111;2559;975;1478;-1;0;71488
112;816;83;607;25;1;71488
113;3819;191;283;54;1;71488
114;2286;1740;1022;-1;0;71488
115;893;1198;166;6;1;71488
116;883;826;345;30;1;71488
117;1199;1948;611;99;1;71488
118;1229;1036;824;33;1;71488
119;3587;1123;1064;64;1;71488
120;3016;260;34;81;1;71488
121;2218;431;1094;-1;0;71488
122;1954;737;1183;-1;0;71488
123;1199;322;119;38;1;71488
124;2337;850;962;87;1;71488
125;2605;556;1940;-1;0;71488
126;892;93;1631;-1;0;71488
127;1311;113;736;39;1;71488
128;2759;1067;1588;-1;0;71488
129;3023;557;657;80;1;71488
130;2207;907;1687;-1;0;71488
131;949;576;1018;-1;0;71488
132;2959;1856;1792;-1;0;71488
133;1675;616;491;36;1;71488
134;56;1957;1841;-1;0;71488
135;1651;164;197;41;1;71488
136;2065;430;1302;-1;0;71488
137;1902;1390;293;93;1;71488
138;3226;1399;1055;-1;0;71488
139;772;1422;150;3;1;71488
140;864;1933;945;-1;0;71488
141;1521;1224;1845;-1;0;71488
142;499;1421;1871;-1;0;71488
143;1417;1961;424;98;1;71488
144;2898;1609;168;73;1;71488
145;3400;530;145;58;1;71488
146;60;1148;839;15;1;71488
147;262;362;1931;-1;0;71488
148;2498;1204;450;76;1;71488
149;993;581;849;-1;0;71488
150;2540;260;1935;-1;0;71488
151;1525;726;291;35;1;71488
152;2549;554;351;86;1;71488
153;1508;1818;1287;-1;0;71488
154;1878;234;262;43;1;71488
155;2935;1553;1624;-1;0;71488
156;932;34;1625;-1;0;71488
157;3735;514;1106;-1;0;71488
158;2032;230;1155;-1;0;71488
159;331;1322;704;10;1;71488
160;307;671;228;17;1;71488
161;1414;472;1719;-1;0;71488
162;1416;553;555;37;1;71488
163;535;1791;1423;-1;0;71488
164;3842;1892;597;-1;0;71488
165;3576;1287;286;69;1;71488
166;704;535;1567;-1;0;71488
167;2682;984;960;-1;0;71488
168;3507;486;1856;-1;0;71488
169;3661;867;1528;-1;0;71488
170;1358;1913;1350;-1;0;71488
171;3726;56;237;52;1;71488
172;2861;825;1809;-1;0;71488
173;1795;337;1802;-1;0;71488
174;3797;990;1716;-1;0;71488
175;3828;57;178;53;1;71488
176;1774;1020;70;92;1;71488
177;263;208;527;21;1;71488
178;3134;1169;420;71;1;71488
179;3369;697;889;59;1;71488
180;1913;314;175;42;1;71488
181;314;954;736;9;1;71488
182;2088;453;1327;-1;0;71488
183;1838;1943;43;97;1;71488
184;518;452;296;28;1;71488
185;3469;1080;64;63;1;71488
186;2121;1641;859;95;1;71488
187;3903;911;1635;-1;0;71488
188;3848;355;1993;-1;0;71488
189;2298;573;1226;-1;0;71488
190;373;80;931;23;1;71488
191;701;1438;1573;-1;0;71488
192;350;802;1689;-1;0;71488
193;501;1290;5;4;1;71488
194;1514;277;1340;-1;0;71488
195;189;1151;1145;-1;0;71488
196;3688;759;727;66;1;71488
197;973;984;1637;-1;0;71488
198;910;1383;1255;-1;0;71488
199;262;1669;1307;-1;0;71488
