ID;X;Y;Cost;Path_Order;Is_Selected;Min_Z
0;2249;1105;40;-1;0;186038
1;278;832;247;42;1;186038
2;1459;1404;932;-1;0;186038
3;2116;1873;105;97;1;186038
4;3337;1928;515;-1;0;186038
5;1191;249;141;-1;0;186038
6;1456;1804;329;-1;0;186038
7;1420;157;945;84;1;186038
8;1946;680;119;20;1;186038
9;3503;1542;610;38;1;186038
10;592;1848;471;-1;0;186038
11;1777;1185;330;87;1;186038
12;2196;1078;893;47;1;186038
13;1889;1720;411;22;1;186038
14;2360;538;920;78;1;186038
15;2085;1797;350;-1;0;186038
16;119;890;585;-1;0;186038
17;210;1841;799;-1;0;186038
18;2954;1253;65;25;1;186038
19;810;808;692;69;1;186038
20;3731;1803;11;-1;0;186038
21;1820;435;299;33;1;186038
22;3619;1219;596;-1;0;186038
23;3960;1824;795;-1;0;186038
24;321;724;832;-1;0;186038
25;1309;801;319;89;1;186038
26;3278;370;683;51;1;186038
27;2;879;400;91;1;186038
28;3485;1906;229;-1;0;186038
29;2154;1156;28;34;1;186038
30;414;551;842;-1;0;186038
31;632;506;215;-1;0;186038
32;240;1344;797;-1;0;186038
33;1893;1017;78;12;1;186038
34;2834;1384;245;90;1;186038
35;2314;1089;132;96;1;186038
36;1677;73;103;58;1;186038
37;2339;880;952;46;1;186038
38;70;984;384;0;1;186038
39;2132;1084;891;-1;0;186038
40;7;1897;120;11;1;186038
41;2359;715;786;-1;0;186038
42;165;550;579;52;1;186038
43;1654;1486;638;44;1;186038
44;449;1756;847;-1;0;186038
45;1060;195;505;56;1;186038
46;895;10;959;-1;0;186038
47;3907;1503;174;77;1;186038
48;3793;578;792;-1;0;186038
49;1904;1118;704;73;1;186038
50;2256;517;914;-1;0;186038
51;1000;1347;314;86;1;186038
52;3784;960;767;-1;0;186038
53;2920;1809;791;-1;0;186038
54;637;536;299;-1;0;186038
55;2959;1326;289;-1;0;186038
56;1911;804;697;-1;0;186038
57;3999;1093;628;28;1;186038
58;2105;393;876;8;1;186038
59;3624;1821;751;-1;0;186038
60;3979;1762;164;5;1;186038
61;1736;127;313;-1;0;186038
62;2964;1170;51;93;1;186038
63;32;1428;56;36;1;186038
64;3217;791;927;95;1;186038
65;1655;1900;908;-1;0;186038
66;3928;1338;512;65;1;186038
67;981;1513;893;-1;0;186038
68;2040;690;962;-1;0;186038
69;2371;1434;856;-1;0;186038
70;2012;1975;87;19;1;186038
71;954;1556;744;88;1;186038
72;219;1778;698;53;1;186038
73;700;487;488;-1;0;186038
74;1300;1251;646;75;1;186038
75;3736;103;646;-1;0;186038
76;3688;376;766;76;1;186038
77;2282;296;81;-1;0;186038
78;1152;93;410;-1;0;186038
79;1770;132;784;-1;0;186038
80;673;52;170;49;1;186038
81;2453;462;379;50;1;186038
82;2005;510;381;72;1;186038
83;3014;1243;741;-1;0;186038
84;2347;1997;874;21;1;186038
85;1365;1457;784;81;1;186038
86;3382;964;27;3;1;186038
87;1866;460;712;-1;0;186038
88;3334;578;840;-1;0;186038
89;3196;229;303;16;1;186038
90;767;1474;99;79;1;186038
91;1856;126;523;-1;0;186038
92;35;1248;894;-1;0;186038
93;3991;247;899;-1;0;186038
94;3944;1385;108;-1;0;186038
95;3370;1235;263;39;1;186038
96;170;1403;826;-1;0;186038
97;2352;181;604;-1;0;186038
98;1116;1294;697;31;1;186038
99;3586;1263;451;94;1;186038
100;114;1710;594;57;1;186038
101;3478;1919;906;-1;0;186038
102;129;1293;732;-1;0;186038
103;3241;318;302;-1;0;186038
104;1842;787;381;32;1;186038
105;649;254;892;-1;0;186038
106;2905;891;68;71;1;186038
107;73;1855;324;74;1;186038
108;129;15;703;-1;0;186038
109;2279;1148;144;40;1;186038
110;3208;1020;990;-1;0;186038
111;2184;746;270;41;1;186038
112;845;885;662;-1;0;186038
113;3325;479;63;55;1;186038
114;3431;256;381;-1;0;186038
115;747;1840;797;68;1;186038
116;990;1092;808;15;1;186038
117;513;566;31;70;1;186038
118;1204;1227;591;24;1;186038
119;2735;684;850;-1;0;186038
120;977;1482;796;82;1;186038
121;846;1034;10;-1;0;186038
122;425;1514;155;-1;0;186038
123;1306;516;914;-1;0;186038
124;2932;989;109;92;1;186038
125;804;1364;658;-1;0;186038
126;1822;1668;732;45;1;186038
127;3238;171;238;29;1;186038
128;3079;1029;534;7;1;186038
129;2991;504;888;-1;0;186038
130;3461;1269;475;-1;0;186038
131;555;1117;355;-1;0;186038
132;1833;1789;381;30;1;186038
133;514;1770;371;35;1;186038
134;1424;1502;419;-1;0;186038
135;277;1305;92;43;1;186038
136;783;317;486;-1;0;186038
137;3433;28;262;-1;0;186038
138;1706;1019;244;48;1;186038
139;1680;1260;362;-1;0;186038
140;3287;1689;60;-1;0;186038
141;2098;6;25;-1;0;186038
142;1120;129;575;-1;0;186038
143;2702;900;336;-1;0;186038
144;1992;864;486;64;1;186038
145;2043;1713;221;-1;0;186038
146;2640;88;715;98;1;186038
147;1085;1811;147;-1;0;186038
148;3825;1576;145;4;1;186038
149;3388;1945;501;-1;0;186038
150;1310;1865;923;-1;0;186038
151;642;673;676;63;1;186038
152;2909;1748;83;-1;0;186038
153;2717;358;51;83;1;186038
154;3958;1389;782;37;1;186038
155;2452;1841;197;-1;0;186038
156;297;653;506;59;1;186038
157;1690;787;856;-1;0;186038
158;1118;954;743;54;1;186038
159;2711;851;677;-1;0;186038
160;1978;992;421;6;1;186038
161;1973;1935;708;85;1;186038
162;902;44;623;18;1;186038
163;3078;311;182;-1;0;186038
164;655;486;690;-1;0;186038
165;3139;124;509;62;1;186038
166;3525;715;67;2;1;186038
167;2446;1648;967;-1;0;186038
168;1848;1559;75;14;1;186038
169;1713;1818;92;-1;0;186038
170;2829;1619;522;99;1;186038
171;1601;634;953;-1;0;186038
172;3848;995;539;61;1;186038
173;905;550;707;-1;0;186038
174;3115;1498;766;-1;0;186038
175;1131;69;131;17;1;186038
176;3281;586;6;1;1;186038
177;1450;398;52;-1;0;186038
178;683;1750;711;-1;0;186038
179;3749;1066;205;26;1;186038
180;3274;562;635;10;1;186038
181;3209;1224;935;-1;0;186038
182;1595;1058;485;13;1;186038
183;3276;1559;31;9;1;186038
184;2600;1799;594;-1;0;186038
185;3525;1112;27;23;1;186038
186;2851;343;952;67;1;186038
187;2813;30;216;66;1;186038
188;1622;1862;198;-1;0;186038
189;2383;1648;502;-1;0;186038
190;667;101;52;-1;0;186038
191;817;1510;609;-1;0;186038
192;1236;1832;911;-1;0;186038
193;579;472;333;-1;0;186038
194;3437;588;248;-1;0;186038
195;1882;1616;342;-1;0;186038
196;234;358;990;27;1;186038
197;254;827;839;80;1;186038
198;441;604;470;60;1;186038
199;3447;1705;619;-1;0;186038
